108.9169998 34.23080063 0 10 1            
1 2023-11-16-19-29-29.896 5269.612189 -4.042165687 50.74892479 1.088176454 3.239975265 0.002409932334 108.9612333 34.26080071 300.004098 0 138
1 2023-11-16-19-29-29.996 5269.207972 -4.042165687 50.85774243 1.088176454 3.240216259 0.002409932334 108.9612984 34.26072857 300.0030273 0 138
1 2023-11-16-19-29-30.096 5268.822704 -3.852679746 50.96657643 1.088340014 3.240445623 0.002293639691 108.9613635 34.26065644 300.0019722 0 138
1 2023-11-16-19-29-30.196 5268.456389 -3.663152007 51.075426 1.088495685 3.24066335 0.002177270977 108.9614287 34.26058431 300.0009329 0 138
1 2023-11-16-19-29-30.296 5268.10903 -3.473585416 51.18429037 1.088643739 3.240869433 0.002060830471 108.9614938 34.26051217 299.9999093 0 138
1 2023-11-16-19-29-30.396 5267.780632 -3.283980845 51.29316876 1.088783823 3.241063865 0.001944321229 108.9615589 34.26044004 299.9989014 0 138
1 2023-11-16-19-29-30.496 5267.471198 -3.094340043 51.40206034 1.08891579 3.24124664 0.001827746835 108.961624 34.26036791 299.9979092 0 138
1 2023-11-16-19-29-30.596 5267.180731 -2.904668121 51.51096441 1.089040749 3.241417751 0.001711112858 108.9616891 34.26029577 299.9969327 0 138
1 2023-11-16-19-29-30.696 5266.909235 -2.714961846 51.61988009 1.089156745 3.241577193 0.001594419954 108.9617542 34.26022364 299.9959719 0 138
1 2023-11-16-19-29-30.796 5266.656713 -2.525227768 51.72880663 1.089265444 3.24172496 0.001477674546 108.9618193 34.26015151 299.9950268 0 138
1 2023-11-16-19-29-30.896 5266.423166 -2.335467543 51.83774331 1.089366842 3.241861048 0.001360880171 108.9618845 34.26007937 299.9940975 0 138
1 2023-11-16-19-29-30.996 5266.208598 -2.14568073 51.9466893 1.08945982 3.241985452 0.001244039153 108.9619496 34.26000724 299.9931838 0 138
1 2023-11-16-19-29-31.096 5266.013011 -1.955868815 52.05564368 1.089543816 3.242098168 0.001127154967 108.9620147 34.25993511 299.9922858 0 138
1 2023-11-16-19-29-31.196 5265.836407 -1.766039751 52.16460589 1.08962217 3.242199191 0.0010102348 108.9620798 34.25986297 299.9914036 0 138
1 2023-11-16-19-29-31.296 5265.678788 -1.57618949 52.27357505 1.089691536 3.242288519 0.0008932789219 108.9621449 34.25979084 299.990537 0 138
1 2023-11-16-19-29-31.396 5265.540156 -1.386320858 52.38255024 1.089751909 3.242366148 0.0007762916034 108.96221 34.25971871 299.9896862 0 138
1 2023-11-16-19-29-31.496 5265.420512 -1.196440066 52.4915309 1.089806633 3.242432076 0.0006592789637 108.9622751 34.25964657 299.9888511 0 138
1 2023-11-16-19-29-31.596 5265.319857 -1.006544814 52.60051614 1.089852359 3.2424863 0.0005422423578 108.9623402 34.25957444 299.9880317 0 138
1 2023-11-16-19-29-31.696 5265.238194 -0.8166379336 52.70950505 1.089889086 3.242528819 0.0004251860649 108.9624054 34.2595023 299.9872279 0 138
1 2023-11-16-19-29-31.796 5265.175521 -0.6267238878 52.81849706 1.089920158 3.242559631 0.0003081151322 108.9624705 34.25943017 299.9864399 0 138
1 2023-11-16-19-29-31.896 5265.131841 -0.4368021274 52.92749129 1.089942228 3.242578734 0.000191031998 108.9625356 34.25935804 299.9856676 0 138
1 2023-11-16-19-29-31.996 5265.107153 -0.24687564 53.03648693 1.089956409 3.242586128 7.394096162e-05 108.9626007 34.2592859 299.984911 0 138
1 2023-11-16-19-29-32.096 5265.101459 -0.05694648104 53.1454832 1.089962702 3.242581812 -4.315417169e-05 108.9626658 34.25921377 299.9841702 0 138
1 2023-11-16-19-29-32.196 5265.114757 0.1329828277 53.25447908 1.089958876 3.242565788 -0.0001602491486 108.9627309 34.25914164 299.983445 0 138
1 2023-11-16-19-29-32.296 5265.147048 0.3229112416 53.36347425 1.089951622 3.242538053 -0.0002773412672 108.962796 34.2590695 299.9827355 0 138
1 2023-11-16-19-29-32.396 5265.198332 0.5128360833 53.47246767 1.089934248 3.242498611 -0.000394425858 108.9628611 34.25899737 299.9820418 0 138
1 2023-11-16-19-29-32.496 5265.268607 0.7027553754 53.58145857 1.089908987 3.242447461 -0.0005114993245 108.9629263 34.25892523 299.9813637 0 138
1 2023-11-16-19-29-32.596 5265.357874 0.892667063 53.69044615 1.08987584 3.242384605 -0.0006285578629 108.9629914 34.2588531 299.9807014 0 138
1 2023-11-16-19-29-32.696 5265.466131 1.082569092 53.79942963 1.089834807 3.242310045 -0.0007455976708 108.9630565 34.25878096 299.9800547 0 138
1 2023-11-16-19-29-32.796 5265.593377 1.272459408 53.90840822 1.089785891 3.242223784 -0.0008626149475 108.9631216 34.25870883 299.9794238 0 138
1 2023-11-16-19-29-32.896 5265.73961 1.462332771 54.01738091 1.089726864 3.242125823 -0.0009796037696 108.9631867 34.2586367 299.9788086 0 138
1 2023-11-16-19-29-32.996 5265.90483 1.652196301 54.12634735 1.089664418 3.242016167 -0.001096566475 108.9632518 34.25856456 299.978209 0 138
1 2023-11-16-19-29-33.096 5266.089034 1.842039162 54.23530654 1.089591866 3.241894817 -0.001213493375 108.9633169 34.25849243 299.9776252 0 138
1 2023-11-16-19-29-33.196 5266.29222 2.031862102 54.34425768 1.089511441 3.241761779 -0.001330382564 108.963382 34.25842029 299.9770571 0 138
1 2023-11-16-19-29-33.296 5266.514386 2.221663072 54.4532 1.089423147 3.241617056 -0.001447230255 108.9634471 34.25834816 299.9765047 0 138
1 2023-11-16-19-29-33.396 5266.75553 2.411434894 54.56213247 1.089324758 3.241460653 -0.001564029344 108.9635123 34.25827602 299.975968 0 138
1 2023-11-16-19-29-33.496 5267.015649 2.601190519 54.67105477 1.089222967 3.241292575 -0.001680785773 108.9635774 34.25820389 299.9754471 0 138
1 2023-11-16-19-29-33.596 5267.29474 2.790913292 54.77996588 1.089111089 3.241112826 -0.001797486284 108.9636425 34.25813176 299.9749418 0 138
1 2023-11-16-19-29-33.696 5267.592801 2.980605909 54.88886501 1.088991359 3.240921413 -0.001914130188 108.9637076 34.25805962 299.9744522 0 138
1 2023-11-16-19-29-33.796 5267.909827 3.170266327 54.99775139 1.088863782 3.240718342 -0.002030713719 108.9637727 34.25798749 299.9739784 0 138
1 2023-11-16-19-29-33.896 5268.245816 3.359892506 55.10662423 1.088728365 3.240503618 -0.002147233118 108.9638378 34.25791535 299.9735202 0 138
1 2023-11-16-19-29-33.996 5268.600765 3.549482406 55.21548274 1.088585111 3.24027725 -0.00226368463 108.9639029 34.25784322 299.9730778 0 138
1 2023-11-16-19-29-34.096 5268.974668 3.73903399 55.32432614 1.088434029 3.240039243 -0.002380064508 108.963968 34.25777108 299.972651 0 138
1 2023-11-16-19-29-34.196 5269.367523 3.928545224 55.43315366 1.088275124 3.239789607 -0.002496369008 108.9640331 34.25769895 299.97224 0 138
1 2023-11-16-19-29-34.296 5269.779324 4.118014075 55.5419645 1.088108403 3.239528347 -0.002612594397 108.9640983 34.25762681 299.9718447 0 138
1 2023-11-16-19-29-34.396 5270.210068 4.307438511 55.65075788 1.087933873 3.239255473 -0.002728736946 108.9641634 34.25755468 299.9714651 0 138
1 2023-11-16-19-29-34.496 5270.659748 4.496797713 55.75953259 1.087747091 3.238970995 -0.002844781053 108.9642285 34.25748254 299.9711011 0 138
1 2023-11-16-19-29-34.596 5271.128362 4.686145258 55.86828873 1.08756142 3.238674919 -0.002960758175 108.9642936 34.25741041 299.9707529 0 138
1 2023-11-16-19-29-34.696 5271.615905 4.875424295 55.97702509 1.087363511 3.238367256 -0.003076629913 108.9643587 34.25733827 299.9704205 0 138
1 2023-11-16-19-29-34.796 5272.12237 5.06465082 56.08574087 1.087157826 3.238048016 -0.003192403976 108.9644238 34.25726614 299.9701037 0 138
1 2023-11-16-19-29-34.896 5272.647752 5.253822817 56.19443531 1.086944374 3.237717208 -0.003308076677 108.9644889 34.257194 299.9698026 0 138
1 2023-11-16-19-29-34.996 5273.192046 5.44293827 56.30310762 1.086723162 3.237374844 -0.003423644338 108.964554 34.25712187 299.9695172 0 138
1 2023-11-16-19-29-35.096 5273.755245 5.631995169 56.41175704 1.086494203 3.237020934 -0.003539103288 108.9646191 34.25704973 299.9692476 0 138
1 2023-11-16-19-29-35.196 5274.337344 5.820991505 56.52038279 1.086257504 3.236655489 -0.003654449868 108.9646842 34.2569776 299.9689936 0 138
1 2023-11-16-19-29-35.296 5274.938337 6.009925273 56.6289841 1.086013076 3.236278521 -0.003769680428 108.9647493 34.25690546 299.9687553 0 138
1 2023-11-16-19-29-35.396 5275.558216 6.19879447 56.73756019 1.08576093 3.235890041 -0.003884791329 108.9648145 34.25683333 299.9685328 0 138
1 2023-11-16-19-29-35.496 5276.196976 6.387597099 56.8461103 1.085501076 3.235490064 -0.003999778943 108.9648796 34.25676119 299.968326 0 138
1 2023-11-16-19-29-35.596 5276.854609 6.576331165 56.95463365 1.085233526 3.2350786 -0.004114639651 108.9649447 34.25668906 299.9681348 0 138
1 2023-11-16-19-29-35.696 5277.531109 6.764994676 57.06312948 1.084958291 3.234655663 -0.004229369847 108.9650098 34.25661692 299.9679594 0 138
1 2023-11-16-19-29-35.796 5278.226464 6.953556798 57.17159658 1.084670944 3.234221268 -0.004343947921 108.9650749 34.25654479 299.9677997 0 138
1 2023-11-16-19-29-35.896 5278.940675 7.142101318 57.28003506 1.084384816 3.233775425 -0.004458423865 108.96514 34.25647265 299.9676557 0 138
1 2023-11-16-19-29-35.996 5279.673729 7.330541257 57.38844372 1.084086598 3.233318151 -0.004572741002 108.9652051 34.25640052 299.9675274 0 138
1 2023-11-16-19-29-36.096 5280.425619 7.518902716 57.49682179 1.083780745 3.23284946 -0.004686913318 108.9652702 34.25632838 299.9674148 0 138
1 2023-11-16-19-29-36.196 5281.196337 7.707183724 57.60516852 1.083467269 3.232369366 -0.004800937269 108.9653353 34.25625625 299.9673179 0 138
1 2023-11-16-19-29-36.296 5281.985876 7.895382312 57.71348314 1.083146184 3.231877885 -0.004914809321 108.9654004 34.25618411 299.9672368 0 138
1 2023-11-16-19-29-36.396 5282.794225 8.083496519 57.82176489 1.082817503 3.231375033 -0.005028525955 108.9654655 34.25611198 299.9671713 0 138
1 2023-11-16-19-29-36.496 5283.621378 8.271524386 57.93001301 1.08248124 3.230860824 -0.005142083665 108.9655306 34.25603984 299.9671215 0 138
1 2023-11-16-19-29-36.596 5284.467324 8.45946396 58.03822675 1.08213741 3.230335277 -0.005255478959 108.9655958 34.2559677 299.9670875 0 138
1 2023-11-16-19-29-36.696 5285.332055 8.647313292 58.14640536 1.081786028 3.229798406 -0.00536870836 108.9656609 34.25589557 299.9670691 0 138
1 2023-11-16-19-29-36.796 5286.215562 8.835070437 58.25454807 1.081427107 3.229250229 -0.005481768405 108.965726 34.25582343 299.9670665 0 138
1 2023-11-16-19-29-36.896 5287.117832 9.022696142 58.36265369 1.08105624 3.228690766 -0.005594632515 108.9657911 34.2557513 299.9670796 0 138
1 2023-11-16-19-29-36.996 5288.038866 9.21033773 58.4707228 1.080691138 3.228120027 -0.005707389777 108.9658562 34.25567916 299.9671083 0 138
1 2023-11-16-19-29-37.096 5288.978639 9.397730537 58.57875289 1.080300852 3.227538039 -0.005819873943 108.9659213 34.25560703 299.9671528 0 138
1 2023-11-16-19-29-37.196 5289.937157 9.58517729 58.68674497 1.079920777 3.226944812 -0.005932270334 108.9659864 34.25553489 299.967213 0 138
1 2023-11-16-19-29-37.296 5290.914393 9.772365283 58.79469652 1.079515563 3.226340374 -0.006044383159 108.9660515 34.25546275 299.9672889 0 138
1 2023-11-16-19-29-37.396 5291.910354 9.959609524 58.90260858 1.079120582 3.225724733 -0.006156405128 108.9661166 34.25539062 299.9673805 0 138
1 2023-11-16-19-29-37.496 5292.925013 10.14658505 59.01047863 1.078700508 3.22509792 -0.006268133139 108.9661817 34.25531848 299.9674878 0 138
1 2023-11-16-19-29-37.596 5293.958375 10.33361914 59.1183077 1.078290687 3.224459943 -0.006379767266 108.9662468 34.25524635 299.9676108 0 138
1 2023-11-16-19-29-37.696 5295.010412 10.5203746 59.22609328 1.077855822 3.223810834 -0.00649109712 108.9663119 34.25517421 299.9677496 0 138
1 2023-11-16-19-29-37.796 5296.081122 10.70710254 59.33383553 1.077422414 3.223150606 -0.006602275618 108.966377 34.25510208 299.967904 0 138
1 2023-11-16-19-29-37.896 5297.170503 10.89380719 59.44153457 1.076990467 3.222479276 -0.006713303115 108.9664421 34.25502994 299.9680742 0 138
1 2023-11-16-19-29-37.996 5298.278525 11.08021838 59.54918793 1.076533552 3.221796875 -0.006824011024 108.9665072 34.2549578 299.96826 0 138
1 2023-11-16-19-29-38.096 5299.405194 11.26669399 59.65679662 1.076086945 3.221103413 -0.006934617725 108.9665724 34.25488567 299.9684616 0 138
1 2023-11-16-19-29-38.196 5300.550481 11.45286629 59.76435816 1.075615424 3.220398923 -0.007044894735 108.9666375 34.25481353 299.9686788 0 138
1 2023-11-16-19-29-38.296 5301.714391 11.63910538 59.87187359 1.075154233 3.219683417 -0.00715506771 108.9667026 34.25474139 299.9689118 0 138
1 2023-11-16-19-29-38.396 5302.896894 11.82503135 59.97934041 1.074668182 3.218956926 -0.007264900977 108.9667677 34.25466926 299.9691605 0 138
1 2023-11-16-19-29-38.496 5304.097997 12.01102651 60.08675965 1.074192487 3.218219464 -0.007374627442 108.9668328 34.25459712 299.9694249 0 138
1 2023-11-16-19-29-38.596 5305.317667 12.19669876 60.19412885 1.073691986 3.217471063 -0.007484004275 108.9668979 34.25452499 299.9697049 0 138
1 2023-11-16-19-29-38.696 5306.555911 12.38244261 60.30144904 1.073201866 3.216711736 -0.007593271601 108.966963 34.25445285 299.9700007 0 138
1 2023-11-16-19-29-38.796 5307.812697 12.5678538 60.40871774 1.072686998 3.215941518 -0.007702179462 108.9670281 34.25438071 299.9703123 0 138
1 2023-11-16-19-29-38.896 5309.088031 12.75333901 60.51593599 1.072182535 3.215160421 -0.007810975175 108.9670932 34.25430858 299.9706395 0 138
1 2023-11-16-19-29-38.996 5310.381879 12.93848186 60.62310133 1.071653383 3.214368481 -0.007919401685 108.9671583 34.25423644 299.9709824 0 138
1 2023-11-16-19-29-39.096 5311.694238 13.12359299 60.73021392 1.071125897 3.213565716 -0.008027647315 108.9672234 34.2541643 299.971341 0 138
1 2023-11-16-19-29-39.196 5313.025106 13.30867664 60.83727393 1.07060008 3.212752145 -0.008135712572 108.9672885 34.25409217 299.9717154 0 138
1 2023-11-16-19-29-39.296 5314.374446 13.49340343 60.9442789 1.070049665 3.211927805 -0.008243394203 108.9673536 34.25402003 299.9721054 0 138
1 2023-11-16-19-29-39.396 5315.742267 13.67821038 61.05122987 1.069509721 3.211092709 -0.008350957371 108.9674187 34.25394789 299.9725112 0 138
1 2023-11-16-19-29-39.496 5317.128532 13.86265086 61.15812439 1.068945242 3.210246897 -0.008458127421 108.9674838 34.25387576 299.9729326 0 138
1 2023-11-16-19-29-39.596 5318.53325 14.04717399 61.26496352 1.068391261 3.209390379 -0.0085651766 108.9675489 34.25380362 299.9733698 0 138
1 2023-11-16-19-29-39.696 5319.956382 14.23132106 61.3717448 1.067812809 3.208523197 -0.008671823274 108.967614 34.25373149 299.9738227 0 138
1 2023-11-16-19-29-39.796 5321.397937 14.41555329 61.47846929 1.067244884 3.207645362 -0.008778346737 108.9676791 34.25365935 299.9742912 0 138
1 2023-11-16-19-29-39.896 5322.857877 14.59939992 61.58513454 1.066652552 3.206756916 -0.008884458412 108.9677442 34.25358721 299.9747755 0 138
1 2023-11-16-19-29-39.996 5324.33621 14.78333424 61.69174162 1.066070775 3.205857872 -0.008990444607 108.9678093 34.25351507 299.9752755 0 138
1 2023-11-16-19-29-40.096 5325.832898 14.96687347 61.79828809 1.065464659 3.204948271 -0.009096009837 108.9678744 34.25344294 299.9757912 0 138
1 2023-11-16-19-29-40.196 5327.347948 15.15050293 61.904775 1.064869127 3.204028126 -0.009201447391 108.9679395 34.2533708 299.9763226 0 138
1 2023-11-16-19-29-40.296 5328.881321 15.33372784 62.01119993 1.064249324 3.20309748 -0.00930645491 108.9680046 34.25329866 299.9768698 0 138
1 2023-11-16-19-29-40.396 5330.433013 15.51691779 62.11756307 1.063631429 3.202156355 -0.00941125516 108.9680698 34.25322653 299.9774326 0 138
1 2023-11-16-19-29-40.496 5332.00302 15.70007707 62.22386462 1.063015447 3.20120477 -0.009515848823 108.9681349 34.25315439 299.9780111 0 138
1 2023-11-16-19-29-40.596 5333.591302 15.88281769 62.33010215 1.0623753 3.20024277 -0.009619999054 108.9682 34.25308225 299.9786054 0 138
1 2023-11-16-19-29-40.696 5335.197868 16.06565501 62.43627673 1.06174581 3.199270369 -0.009724016438 108.9682651 34.25301012 299.9792153 0 138
1 2023-11-16-19-29-40.796 5336.822674 16.24806431 62.54238595 1.061092227 3.19828761 -0.009827581599 108.9683302 34.25293798 299.979841 0 138
1 2023-11-16-19-29-40.896 5338.465731 16.43057295 62.64843089 1.060449331 3.197294509 -0.009931011976 108.9683953 34.25286584 299.9804823 0 138
1 2023-11-16-19-29-40.996 5340.126996 16.61264425 62.75440913 1.059782416 3.196291111 -0.01003398145 108.9684604 34.25279371 299.9811394 0 138
1 2023-11-16-19-29-41.096 5341.806478 16.79481754 62.86032175 1.059126219 3.19527743 -0.01013681428 108.9685255 34.25272157 299.9818122 0 138
1 2023-11-16-19-29-41.196 5343.504132 16.97654422 62.96616636 1.058446076 3.194253512 -0.01023917765 108.9685906 34.25264943 299.9825007 0 138
1 2023-11-16-19-29-41.296 5345.219969 17.15837555 63.07194402 1.057776683 3.193219372 -0.01034140259 108.9686557 34.25257729 299.9832049 0 138
1 2023-11-16-19-29-41.396 5346.953945 17.33975106 63.17765237 1.05708342 3.192175057 -0.01044314962 108.9687208 34.25250516 299.9839248 0 138
1 2023-11-16-19-29-41.496 5348.706068 17.52123392 63.28329246 1.056400939 3.191120581 -0.01054475652 108.9687859 34.25243302 299.9846604 0 138
1 2023-11-16-19-29-41.596 5350.476293 17.70225177 63.38886193 1.055694665 3.190055993 -0.01064587718 108.968851 34.25236088 299.9854117 0 138
1 2023-11-16-19-29-41.696 5352.264616 17.88323256 63.49436098 1.054990572 3.188981316 -0.0107467677 108.9689161 34.25228875 299.9861787 0 138
1 2023-11-16-19-29-41.796 5354.071034 18.06418061 63.59978985 1.054288663 3.187896574 -0.01084742893 108.9689812 34.25221661 299.9869614 0 138
1 2023-11-16-19-29-41.896 5355.895499 18.24464998 63.70514616 1.05356308 3.186801814 -0.01094759167 108.9690463 34.25214447 299.9877599 0 138
1 2023-11-16-19-29-41.996 5357.738023 18.42523353 63.81043099 1.052848358 3.185697053 -0.01104761035 108.9691114 34.25207233 299.988574 0 138
1 2023-11-16-19-29-42.096 5359.598556 18.60532934 63.915642 1.052110042 3.184582341 -0.01114712252 108.9691765 34.2520002 299.9894039 0 138
1 2023-11-16-19-29-42.196 5361.47711 18.7855421 64.02078026 1.051382621 3.183457692 -0.01124648919 108.9692416 34.25192806 299.9902494 0 138
1 2023-11-16-19-29-42.296 5363.373636 18.96525811 64.12584343 1.050631687 3.182323158 -0.01134534145 108.9693067 34.25185592 299.9911107 0 138
1 2023-11-16-19-29-42.396 5365.288145 19.14509388 64.2308326 1.049891681 3.181178753 -0.01144404688 108.9693718 34.25178378 299.9919877 0 138
1 2023-11-16-19-29-42.496 5367.220588 19.32442393 64.33574542 1.049128243 3.18002453 -0.01154223011 108.9694369 34.25171164 299.9928803 0 138
1 2023-11-16-19-29-42.596 5369.170975 19.50387656 64.440583 1.048375768 3.178860504 -0.01164026524 108.969502 34.25163951 299.9937887 0 138
1 2023-11-16-19-29-42.696 5371.139257 19.68281455 64.54534299 1.047599945 3.177686727 -0.01173777052 108.9695671 34.25156737 299.9947128 0 138
1 2023-11-16-19-29-42.796 5373.125444 19.86187797 64.6500265 1.046835118 3.176503214 -0.01183512652 108.9696322 34.25149523 299.9956526 0 138
1 2023-11-16-19-29-42.896 5375.129486 20.0404179 64.75463121 1.046047028 3.17531002 -0.01193194515 108.9696973 34.25142309 299.9966081 0 138
1 2023-11-16-19-29-42.996 5377.151378 20.21891988 64.85915735 1.045261415 3.174107168 -0.01202851454 108.9697624 34.25135096 299.9975793 0 138
1 2023-11-16-19-29-43.096 5379.191117 20.39738827 64.96360518 1.044478284 3.172894685 -0.01212483573 108.9698275 34.25127882 299.9985663 0 138
1 2023-11-16-19-29-43.196 5381.248649 20.57531997 65.06797238 1.043672017 3.171672624 -0.01222060851 108.9698926 34.25120668 299.9995689 0 138
1 2023-11-16-19-29-43.296 5383.323988 20.75338432 65.17226006 1.042876834 3.170441001 -0.0123162294 108.9699577 34.25113454 300.0005872 0 138
1 2023-11-16-19-29-43.396 5385.417078 20.93090324 65.27646592 1.042058602 3.169199871 -0.01241129467 108.9700228 34.2510624 300.0016213 0 138
1 2023-11-16-19-29-43.496 5387.527934 21.10855773 65.38059107 1.041251488 3.167949251 -0.01250620716 108.9700879 34.25099027 300.002671 0 138
1 2023-11-16-19-29-43.596 5389.656499 21.2856581 65.48463321 1.040421415 3.166689195 -0.01260055695 108.970153 34.25091813 300.0037365 0 138
1 2023-11-16-19-29-43.696 5390.381368 7.248682816 65.51984909 0.3521587286 3.166260334 -0.004288612875 108.970175 34.2508937 300.0041009 0 138
