108.916787 34.230834 362 10 1            
1 2023-11-16-19-24-07.489 5385.11198 -14.44550719 50.97119262 1.053021671 -0.6838768899 -0.00179412943 108.9622026 34.26139222 300.0040978 0 110
1 2023-11-16-19-24-07.589 5383.66743 -14.44550719 51.07649479 1.053021671 -0.6840563028 -0.00179412943 108.962258 34.26131467 300.0032434 0 110
1 2023-11-16-19-24-07.689 5382.241071 -14.26358773 51.18185313 1.053583436 -0.6842334992 -0.001771964328 108.9623133 34.26123711 300.0024047 0 110
1 2023-11-16-19-24-07.789 5380.832918 -14.0815236 51.28726698 1.05413852 -0.6844084738 -0.001749745222 108.9623686 34.26115955 300.0015817 0 110
1 2023-11-16-19-24-07.889 5379.442987 -13.8993165 51.39273567 1.054686901 -0.684581221 -0.001727472703 108.962424 34.261082 300.0007744 0 110
1 2023-11-16-19-24-07.989 5378.07129 -13.71696812 51.49825853 1.055228557 -0.6847517358 -0.001705147368 108.9624793 34.26100444 299.9999828 0 110
1 2023-11-16-19-24-08.089 5376.717842 -13.53448019 51.60383487 1.055763466 -0.6849200127 -0.001682769816 108.9625347 34.26092689 299.999207 0 110
1 2023-11-16-19-24-08.189 5375.382656 -13.35185983 51.70946408 1.056292039 -0.6850860469 -0.001660341325 108.96259 34.26084933 299.9984468 0 110
1 2023-11-16-19-24-08.289 5374.065747 -13.16908709 51.81514533 1.056812527 -0.6852498329 -0.001637859807 108.9626453 34.26077177 299.9977024 0 110
1 2023-11-16-19-24-08.389 5372.767127 -12.9862015 51.92087812 1.057327933 -0.6854113659 -0.001615330576 108.9627007 34.26069422 299.9969737 0 110
1 2023-11-16-19-24-08.489 5371.486811 -12.80316201 52.0266616 1.057834779 -0.6855706408 -0.001592748928 108.962756 34.26061666 299.9962607 0 110
1 2023-11-16-19-24-08.589 5370.22481 -12.62001256 52.13249525 1.058336505 -0.6857276529 -0.001570120731 108.9628114 34.2605391 299.9955634 0 110
1 2023-11-16-19-24-08.689 5368.981138 -12.43671331 52.23837822 1.058829628 -0.685882397 -0.001547441436 108.9628667 34.26046155 299.9948819 0 110
1 2023-11-16-19-24-08.789 5367.755808 -12.253307 52.34430998 1.059317592 -0.6860348687 -0.001524716772 108.962922 34.26038399 299.994216 0 110
1 2023-11-16-19-24-08.889 5366.548831 -12.06976481 52.45028975 1.059797779 -0.6861850631 -0.001501943566 108.9629774 34.26030643 299.9935659 0 110
1 2023-11-16-19-24-08.989 5365.360222 -11.8860891 52.55631677 1.060270169 -0.6863329753 -0.001479122528 108.9630327 34.26022888 299.9929314 0 110
1 2023-11-16-19-24-09.089 5364.189992 -11.70230125 52.66239042 1.060736476 -0.686478601 -0.001456256738 108.963088 34.26015132 299.9923127 0 110
1 2023-11-16-19-24-09.189 5363.038151 -11.51841178 52.76851017 1.06119755 -0.6866219358 -0.001433347928 108.9631434 34.26007377 299.9917097 0 110
1 2023-11-16-19-24-09.289 5361.904714 -11.33436611 52.87467499 1.061648167 -0.6867629748 -0.001410389732 108.9631987 34.25999621 299.9911225 0 110
1 2023-11-16-19-24-09.389 5360.789692 -11.1502227 52.98088434 1.062093513 -0.6869017137 -0.001387389854 108.9632541 34.25991865 299.9905509 0 110
1 2023-11-16-19-24-09.489 5359.693096 -10.96596437 53.08713752 1.062531836 -0.6870381484 -0.001364346587 108.9633094 34.2598411 299.989995 0 110
1 2023-11-16-19-24-09.589 5358.614935 -10.78161039 53.19343401 1.062964856 -0.6871722747 -0.001341262764 108.9633647 34.25976354 299.9894549 0 110
1 2023-11-16-19-24-09.689 5357.555224 -10.59710984 53.29977274 1.063387341 -0.6873040879 -0.001318132488 108.9634201 34.25968598 299.9889305 0 110
1 2023-11-16-19-24-09.789 5356.513972 -10.41251759 53.40615319 1.063804488 -0.6874335842 -0.001294963023 108.9634754 34.25960843 299.9884218 0 110
1 2023-11-16-19-24-09.889 5355.49119 -10.22781766 53.51257465 1.064214541 -0.6875607595 -0.001271752829 108.9635307 34.25953087 299.9879288 0 110
1 2023-11-16-19-24-09.989 5354.486887 -10.04302817 53.61903657 1.064619226 -0.68768561 -0.0012485046 108.9635861 34.25945331 299.9874515 0 110
1 2023-11-16-19-24-10.089 5353.501077 -9.858101819 53.7255379 1.065013302 -0.6878081313 -0.001225212908 108.9636414 34.25937576 299.9869899 0 110
1 2023-11-16-19-24-10.189 5352.533768 -9.673089877 53.8320781 1.065401976 -0.6879283197 -0.001201884577 108.9636968 34.2592982 299.9865441 0 110
1 2023-11-16-19-24-10.289 5351.584969 -9.487992976 53.93865662 1.065785234 -0.6880461717 -0.001178520138 108.9637521 34.25922064 299.986114 0 110
1 2023-11-16-19-24-10.389 5350.654692 -9.302766568 54.0452724 1.066157832 -0.6881616832 -0.001155114515 108.9638074 34.25914309 299.9856995 0 110
1 2023-11-16-19-24-10.489 5349.742946 -9.117459208 54.1519249 1.066524983 -0.6882748506 -0.0011316742 108.9638628 34.25906553 299.9853008 0 110
1 2023-11-16-19-24-10.589 5348.84974 -8.932057087 54.25861339 1.066884929 -0.6883856704 -0.001108197938 108.9639181 34.25898797 299.9849178 0 110
1 2023-11-16-19-24-10.689 5347.975084 -8.746562071 54.36533716 1.067237655 -0.688494139 -0.001084686426 108.9639734 34.25891041 299.9845506 0 110
1 2023-11-16-19-24-10.789 5347.118987 -8.560976026 54.47209548 1.067583147 -0.6886002531 -0.001061140363 108.9640288 34.25883286 299.984199 0 110
1 2023-11-16-19-24-10.889 5346.281454 -8.375327918 54.57888796 1.067924883 -0.6887040095 -0.001037563806 108.9640841 34.2587553 299.9838631 0 110
1 2023-11-16-19-24-10.989 5345.4625 -8.189537749 54.6857132 1.068252371 -0.6888054042 -0.001013947319 108.9641395 34.25867774 299.983543 0 110
1 2023-11-16-19-24-11.089 5344.662131 -8.003689884 54.79257081 1.068576075 -0.6889044344 -0.0009903018278 108.9641948 34.25860019 299.9832386 0 110
1 2023-11-16-19-24-11.189 5343.880355 -7.817758514 54.89946006 1.068892489 -0.6890010968 -0.0009666246117 108.9642501 34.25852263 299.9829499 0 110
1 2023-11-16-19-24-11.289 5343.117181 -7.63174553 55.00638022 1.0692016 -0.6890953885 -0.0009429163841 108.9643055 34.25844507 299.9826769 0 110
1 2023-11-16-19-24-11.389 5342.372615 -7.445652829 55.11333056 1.069503395 -0.6891873063 -0.000919177861 108.9643608 34.25836752 299.9824196 0 110
1 2023-11-16-19-24-11.489 5341.646667 -7.25948231 55.22031034 1.069797862 -0.6892768472 -0.0008954097612 108.9644161 34.25828996 299.9821781 0 110
1 2023-11-16-19-24-11.589 5340.939344 -7.073235878 55.32731884 1.070084988 -0.6893640085 -0.0008716128061 108.9644715 34.2582124 299.9819522 0 110
1 2023-11-16-19-24-11.689 5340.25065 -6.88693766 55.43435567 1.070368264 -0.6894487876 -0.0008477904532 108.9645268 34.25813484 299.9817421 0 110
1 2023-11-16-19-24-11.789 5339.580598 -6.700522297 55.54141938 1.070637173 -0.6895311811 -0.0008239351493 108.9645821 34.25805729 299.9815477 0 110
1 2023-11-16-19-24-11.889 5338.929192 -6.514059586 55.64850961 1.070902207 -0.6896111867 -0.0008000559806 108.9646375 34.25797973 299.981369 0 110
1 2023-11-16-19-24-11.989 5338.296439 -6.327528616 55.75562559 1.071159855 -0.6896888018 -0.0007761508662 108.9646928 34.25790217 299.981206 0 110
1 2023-11-16-19-24-12.089 5337.682346 -6.140931309 55.8627666 1.071410105 -0.6897640238 -0.0007522205393 108.9647481 34.25782462 299.9810587 0 110
1 2023-11-16-19-24-12.189 5337.086919 -5.954269591 55.9699319 1.071652948 -0.6898368504 -0.0007282657355 108.9648035 34.25774706 299.9809272 0 110
1 2023-11-16-19-24-12.289 5336.510164 -5.767545393 56.07712073 1.071888372 -0.6899072791 -0.0007042871921 108.9648588 34.2576695 299.9808113 0 110
1 2023-11-16-19-24-12.389 5335.952086 -5.580778594 56.18433272 1.072119876 -0.6899753079 -0.0006802878347 108.9649141 34.25759194 299.9807112 0 110
1 2023-11-16-19-24-12.489 5335.412695 -5.393916676 56.29156641 1.072336929 -0.6900409341 -0.0006562617691 108.9649695 34.25751439 299.9806268 0 110
1 2023-11-16-19-24-12.589 5334.891993 -5.207016644 56.39882142 1.072550042 -0.6901041557 -0.0006322164531 108.9650248 34.25743683 299.9805581 0 110
1 2023-11-16-19-24-12.689 5334.389987 -5.02006188 56.50609699 1.072755699 -0.6901649707 -0.0006081503682 108.9650801 34.25735927 299.9805051 0 110
1 2023-11-16-19-24-12.789 5333.906681 -4.833054331 56.61339238 1.072953892 -0.6902233772 -0.0005840642615 108.9651355 34.25728171 299.9804678 0 110
1 2023-11-16-19-24-12.889 5333.442082 -4.645995942 56.72070684 1.073144613 -0.6902793731 -0.0005599588822 108.9651908 34.25720416 299.9804462 0 110
1 2023-11-16-19-24-12.989 5332.996193 -4.458888665 56.82803962 1.073327853 -0.6903329566 -0.000535834981 108.9652462 34.2571266 299.9804404 0 110
1 2023-11-16-19-24-13.089 5332.569018 -4.271748118 56.93539034 1.073507116 -0.6903841261 -0.0005116949444 108.9653015 34.25704904 299.9804503 0 110
1 2023-11-16-19-24-13.189 5332.160566 -4.084521595 57.04275717 1.07366835 -0.6904328794 -0.0004875329901 108.9653568 34.25697148 299.9804759 0 110
1 2023-11-16-19-24-13.289 5331.770835 -3.897305485 57.15014078 1.073836127 -0.6904792155 -0.0004633611541 108.9654122 34.25689393 299.9805172 0 110
1 2023-11-16-19-24-13.389 5331.399836 -3.709997326 57.25753902 1.073982347 -0.6905231322 -0.000439167753 108.9654675 34.25681637 299.9805742 0 110
1 2023-11-16-19-24-13.489 5331.047566 -3.522698604 57.36495253 1.074135101 -0.6905646288 -0.0004149653527 108.9655228 34.25673881 299.9806469 0 110
1 2023-11-16-19-24-13.589 5330.714032 -3.335337863 57.47237986 1.074273308 -0.6906037034 -0.0003907460151 108.9655782 34.25666125 299.9807354 0 110
1 2023-11-16-19-24-13.689 5330.39924 -3.147921973 57.57981955 1.074396959 -0.6906403545 -0.0003665111348 108.9656335 34.2565837 299.9808395 0 110
1 2023-11-16-19-24-13.789 5330.103188 -2.960514064 57.68727227 1.074527133 -0.6906745814 -0.0003422685872 108.9656888 34.25650614 299.9809594 0 110
1 2023-11-16-19-24-13.889 5329.825885 -2.773036191 57.79473584 1.07463571 -0.6907063823 -0.0003180098626 108.9657442 34.25642858 299.981095 0 110
1 2023-11-16-19-24-13.989 5329.567328 -2.585565336 57.90221092 1.074750804 -0.6907357568 -0.0002937443634 108.9657995 34.25635102 299.9812463 0 110
1 2023-11-16-19-24-14.089 5329.327525 -2.398033367 58.00969535 1.074844288 -0.6907627033 -0.0002694648514 108.9658548 34.25627347 299.9814133 0 110
1 2023-11-16-19-24-14.189 5329.106474 -2.210507456 58.11718978 1.074944283 -0.6907872212 -0.0002451794609 108.9659102 34.25619591 299.981596 0 110
1 2023-11-16-19-24-14.289 5328.90418 -2.022941907 58.22469275 1.075029691 -0.6908093096 -0.0002208835913 108.9659655 34.25611835 299.9817945 0 110
1 2023-11-16-19-24-14.389 5328.720646 -1.835343604 58.3322028 1.075100505 -0.6908289674 -0.0001965786459 108.9660208 34.25604079 299.9820086 0 110
1 2023-11-16-19-24-14.489 5328.555871 -1.647749929 58.43972058 1.075177823 -0.6908461943 -0.0001722691714 108.9660762 34.25596323 299.9822385 0 110
1 2023-11-16-19-24-14.589 5328.409859 -1.460117293 58.54724393 1.075233508 -0.6908609895 -0.0001479511113 108.9661315 34.25588568 299.9824841 0 110
1 2023-11-16-19-24-14.689 5328.28261 -1.272488334 58.6547735 1.075295691 -0.6908733524 -0.0001236294245 108.9661868 34.25580812 299.9827454 0 110
1 2023-11-16-19-24-14.789 5328.174127 -1.084829285 58.76230712 1.075336236 -0.6908832825 -9.930132812e-05 108.9662421 34.25573056 299.9830224 0 110
1 2023-11-16-19-24-14.889 5328.08441 -0.8971729659 58.86984545 1.075383276 -0.6908907796 -7.497050917e-05 108.9662975 34.255653 299.9833152 0 110
1 2023-11-16-19-24-14.989 5328.01346 -0.7094954294 58.97738632 1.075408672 -0.6908958431 -5.063545864e-05 108.9663528 34.25557544 299.9836236 0 110
1 2023-11-16-19-24-15.089 5327.961278 -0.5218196777 59.08493037 1.075440562 -0.690898473 -2.629859097e-05 108.9664081 34.25549789 299.9839478 0 110
1 2023-11-16-19-24-15.189 5327.927865 -0.3341331565 59.19247616 1.07545784 -0.690898669 -1.959604315e-06 108.9664635 34.25542033 299.9842877 0 110
1 2023-11-16-19-24-15.289 5327.913221 -0.1464427602 59.30002221 1.075460505 -0.6908964309 2.238009288e-05 108.9665188 34.25534277 299.9846432 0 110
1 2023-11-16-19-24-15.389 5327.917345 0.04124726793 59.40756917 1.075469662 -0.6908917589 4.672024773e-05 108.9665741 34.25526521 299.9850146 0 110
1 2023-11-16-19-24-15.489 5327.940239 0.2289363205 59.51511489 1.075457171 -0.690884653 7.105918446e-05 108.9666295 34.25518765 299.9854016 0 110
1 2023-11-16-19-24-15.589 5327.981902 0.4166259487 59.62266001 1.075451171 -0.6908751132 9.539767228e-05 108.9666848 34.2551101 299.9858043 0 110
1 2023-11-16-19-24-15.689 5328.042332 0.6043057236 59.73020236 1.075423524 -0.69086314 0.0001197327619 108.9667401 34.25503254 299.9862228 0 110
1 2023-11-16-19-24-15.789 5328.121531 0.7919870184 59.8377426 1.07540237 -0.6908487333 0.0001440664964 108.9667955 34.25495498 299.9866569 0 110
1 2023-11-16-19-24-15.889 5328.219497 0.979656605 59.94527926 1.075366606 -0.6908318937 0.0001683958345 108.9668508 34.25487742 299.9871068 0 110
1 2023-11-16-19-24-15.989 5328.336227 1.167307591 60.05281088 1.075316233 -0.6908126218 0.0001927193687 108.9669061 34.25479986 299.9875724 0 110
1 2023-11-16-19-24-16.089 5328.471724 1.354961515 60.16033812 1.075272357 -0.6907909178 0.0002170401902 108.9669615 34.2547223 299.9880537 0 110
1 2023-11-16-19-24-16.189 5328.625982 1.542583398 60.2678588 1.075206843 -0.6907667825 0.0002413521681 108.9670168 34.25464475 299.9885507 0 110
1 2023-11-16-19-24-16.289 5328.799003 1.730209168 60.37537358 1.075147828 -0.6907402165 0.0002656605299 108.9670721 34.25456719 299.9890635 0 110
1 2023-11-16-19-24-16.389 5328.990782 1.917794028 60.4828803 1.075067183 -0.6907112207 0.0002899578737 108.9671275 34.25448963 299.9895919 0 110
1 2023-11-16-19-24-16.489 5329.201321 2.105383725 60.59037961 1.074993041 -0.6906797956 0.0003142507 108.9671828 34.25441207 299.9901361 0 110
1 2023-11-16-19-24-16.589 5329.430614 2.29293926 60.69787004 1.074904308 -0.6906459424 0.0003385326305 108.9672381 34.25433451 299.990696 0 110
1 2023-11-16-19-24-16.689 5329.67866 2.480453749 60.80535014 1.07480099 -0.6906096621 0.0003628022631 108.9672934 34.25425695 299.9912716 0 110
1 2023-11-16-19-24-16.789 5329.945457 2.667974507 60.91282055 1.074704184 -0.6905709555 0.000387066031 108.9673488 34.2541794 299.9918629 0 110
1 2023-11-16-19-24-16.889 5330.231001 2.855432205 61.02027913 1.074585771 -0.6905298242 0.0004113133588 108.9674041 34.25410184 299.9924699 0 110
1 2023-11-16-19-24-16.989 5330.53529 3.042897132 61.12772652 1.074473875 -0.6904862688 0.0004355539274 108.9674594 34.25402428 299.9930926 0 110
1 2023-11-16-19-24-17.089 5330.858319 3.230290151 61.23516056 1.074340386 -0.6904402912 0.0004597758947 108.9675148 34.25394672 299.9937311 0 110
1 2023-11-16-19-24-17.189 5331.200088 3.417691364 61.3425819 1.074213422 -0.6903918922 0.0004839902119 108.9675701 34.25386916 299.9943853 0 110
1 2023-11-16-19-24-17.289 5331.560592 3.605036024 61.44998909 1.074071904 -0.6903410735 0.0005081871748 108.9676254 34.2537916 299.9950552 0 110
1 2023-11-16-19-24-17.389 5331.939824 3.792317264 61.55738067 1.073915842 -0.6902878369 0.0005323653908 108.9676808 34.25371404 299.9957407 0 110
1 2023-11-16-19-24-17.489 5332.337785 3.979608156 61.66475731 1.073766317 -0.6902321835 0.0005565346283 108.9677361 34.25363649 299.9964421 0 110
1 2023-11-16-19-24-17.589 5332.754465 4.166805058 61.77211683 1.073595238 -0.6901741155 0.0005806798846 108.9677914 34.25355893 299.9971591 0 110
1 2023-11-16-19-24-17.689 5333.189866 4.354012591 61.8794599 1.073430705 -0.690113634 0.0006048152824 108.9678467 34.25348137 299.9978918 0 110
1 2023-11-16-19-24-17.789 5333.643978 4.541117322 61.98678436 1.073244636 -0.6900507415 0.0006289245584 108.9679021 34.25340381 299.9986403 0 110
1 2023-11-16-19-24-17.889 5334.116801 4.728233669 62.09409088 1.073065123 -0.6899854392 0.0006530231009 108.9679574 34.25332625 299.9994045 0 110
1 2023-11-16-19-24-17.989 5334.608325 4.915238412 62.20137729 1.072864095 -0.6899177299 0.0006770933882 108.9680127 34.25324869 300.0001843 0 110
1 2023-11-16-19-24-18.089 5335.118551 5.102255765 62.30864425 1.072669634 -0.6898476147 0.0007011520729 108.9680681 34.25317113 300.0009799 0 110
1 2023-11-16-19-24-18.189 5335.64747 5.289187935 62.41589032 1.072460694 -0.6897750961 0.0007251851989 108.9681234 34.25309357 300.0017913 0 110
1 2023-11-16-19-24-18.289 5336.195072 5.476028087 62.52311405 1.072237289 -0.689700177 0.0007491913922 108.9681787 34.25301602 300.0026183 0 110
1 2023-11-16-19-24-18.389 5336.761361 5.662882355 62.63031609 1.072020469 -0.6896228585 0.0007731846903 108.968234 34.25293846 300.003461 0 110
1 2023-11-16-19-24-18.489 5337.196217 4.348561943 62.71031779 0.8000169233 -0.6895635851 0.0005927341078 108.9682753 34.25288057 300.0041003 0 110
